15251
15261
15289
15290
15307
15316
15327
15331
15340
15350
15360
15412
15427
15437
15447
15457
15467
15475
15504
15512
15538
15548
15557
15568
15578
15600
15634
15645
15662
15674
15687
15696
15712
15724
15761
15784
15794
15795
15816
15826
15842
15853
15865
15888
15898
15907
15917
15930
15951
15971
15977
16010
16021
16055
16065
16071
16094
16107
16128
16147
16160
16168
16176
16194
16208
16236
16250
16261
16271
16323
16334
16341
16355
16372
16385
16396
16413
16422
16435
16463
16471
16472
16473
16474
16492
16493
16530
16531
16532
16534
16559
16560
16561
16566
16593
16595
16630
16639
16640
16650
16663
16665
16674
16680
16720
16744
16746
16750
16774
16815
16816
16836
16847
16865
16873
16874
16875
16896
16917
16926
16927
16939
16960
16971
16985
16989
16998
17035
17051
17079
17091
17156
17166
17172
17214
17216
17233
17244
17261
17269
17299
17329
17336
17357
17358
17385
17392
17424
17431
17442
17444
17456
17464
17465
17508
17515
17516
17536
17548
17558
17579
17597
17599
17627
17638
17677
17679
17688
17724
17749
17760
17769
17782
17798
17809
17868
17885
17904
17938
17940
17941
17952
17963
17977
18005
18017
18033
18034
18054
18063
18071
18117
18161
18182
18203
18217
18241
18269
18277
18287
18297
18311
18321
18350
18366
18380
18390
18456
18479
18480
18487
18498
18512
18516
18529
18540
18577
18625
18633
18644
18684
18692
18706
18722
18731
18741
18766
18786
18818
18825
18834
18856
18868
18903
18921
18924
18934
18936
18946
18955
18978
18997
19008
19018
19025
19039
19048
19076
19083
19085
19120
19130
19141
19158
19176
19186
19212
19224
19237
19253
19266
19282
19284
19297
19310
19325
19341
19352
19371
19382
19397
19413
19424
19430
19448
19461
19489
19501
19513
19519
19581
19592
19614
19623
19632
19646
19656
19693
19715
19725
19734
19744
19745
19754
19755
19764
19788
19815
19827
19871
19878
19984
20074
20089
20096
20107
20121
20153
20164
20175
20208
20225
20332
20423
20451
20459
20475
20507
20516
20525
20553
20569
20606
20629
20640
20704
20715
20741
20762
20779
20822
20882
20895
20908
20921
20930
20939
20948
20967
20987
21004
21042
21054
21105
21122
21145
21157
21191
21214
21228
21262
21271
21308
21327
21411
21421
21441
21451
21462
21472
21483
21593
21685
21732
21751
21913
21933
22051
22203
22241
22367
22400
22438
22834
22837
22858
22865
22934
23057
23279
23301
23312
23435
23445
23457
23549
23559
23570
23580
23591
23664
23702
23814
23922
23933
23999
24035
24148
24161
24173
24260
24277
24302
24382
24413
24422
24434
24444
24527
24566
24593
24639
24649
24674
24692
24745
24755
24766
24777
24782
24843
24866
24992
25025
25049
25061
25216
25229
25249
25260
25276
25358
25369
25380
25392
25404
25507
25517
25561
25574
25585
25596
25609
25662
25669
25680
25719
25797
25821
25902
25917
25928
26012
26034
26048
26115
26127
26140
26177
26208
26235
26254
26263
26274
26356
26364
26372
26383
26391
26440
26462
26477
26510
26521
26560
26589
26601
26611
26623
26681
26692
26704
26736
26749
26860
26877
26886
26904
26915
26958
26964
27003
27027
27044
27053
27070
27098
27110
27129
27137
27145
27156
27164
27207
27218
27231
27241
27251
27261
27270
27293
27301
27309
27323
27333
27344
27377
27418
27454
27472
27481
27492
27514
27546
27556
27600
27757
27770
27782
27791
27802
27826
27836
27845
27855
27865
27898
27909
27950
27958
27967
28017
28033
28050
28061
28083
28091
28136
28147
28155
28163
28179
28189
28198
28210
28230
28237
28244
28261
28277
28294
28304
28313
28323
28339
28351
28379
28389
28401
28419
28486
28556
28579
28601
28609
28635
28657
28667
28690
28699
28721
28728
28739
28775
28782
28802
28833
28843
28855
28899
28913
28949
28973
28982
29038
29046
29118
29128
29147
29157
29170
29179
29189
29206
29230
29248
29261
29271
29280
29293
29309
29325
29334
29344
29359
29367
29386
29394
29412
29423
29442
29454
29467
29502
29526
29544
29575
29602
29613
29620
29632
29642
29652
29662
29679
29694
29704
29725
29735
29743
29753
29766
29806
29819
29830
29842
29860
29867
29877
29885
29898
29904
29914
29933
29943
29952
29988
30003
30017
30026
30036
30057
30064
30072
30082
30091
30129
30139
30149
30191
30199
30205
30223
30235
30260
30268
30291
30301
30327
30337
30369
30379
30394
30404
30414
30428
30445
30452
30463
30477
30487
30521
30529
30537
30547
30556
30574
30585
30595
30618
30629
30672
30681
30695
30749
30790
30836
30849
30859
30935
30946
30954
30974
31000
31024
31111
31121
31149
31172
31182
31191
31212
31219
31220
31221
31228
31239
31250
31276
31326
31366
31375
31385
31407
31437
31446
31470
31495
31507
31520
31552
31612
31641
31670
31704
31715
31724
31734
31743
31811
31879
31899
31909
31979
32000
32033
32055
32107
32127
32134
32153
32162
32196
32210
32211
32221
32229
32312
32349
32372
32381
32411
32434
32471
32485
32495
32502
32503
32529
32543
32552
32562
32580
32590
32611
32624
32646
32656
32666
32740
32861
32871
32897
32907
32949
32959
32990
33094
33104
33125
33150
33186
33210
33242
33252
33270
33307
33320
33399
33499
33511
33533
33591
33627
33656
33666
33676
33699
33726
33872
33890
33902
33913
33957
33979
34050
34083
34093
34104
34133
34142
34155
34176
34189
34197
34206
34227
34228
34238
34248
34254
34263
34264
34265
34268
34270
34307
34326
34327
34348
34377
34401
34410
34434
34450
34547
34548
34577
34578
34588
34598
34601
34622
34646
34649
34679
34733
34744
34745
34746
34757
34770
34771
34772
34776
34777
34779
34790
34800
34804
34805
34814
34832
34843
34863
34866
34868
34878
34879
34910
34920
34927
34929
34964
35054
35119
35120
35144
35155
35165
35166
35167
35180
35181
35183
35187
35197
35232
35246
35251
35265
35275
35290
35293
35294
35318
35324
35395
35449
35465
35466
35467
35500
35501
35508
35510
35511
35526
35527
35528
35539
35540
35544
35552
35562
35564
35573
35580
35591
35612
35655
35656
35659
35711
35721
35722
35735
35750
35768
35769
35777
35794
35795
35796
35810
35816
35817
35818
35819
35836
35840
35856
35857
35858
35874
35888
35889
35911
35921
35923
35939
35940
35941
35955
35956
35971
35972
35974
35975
35980
35982
35983
35996
36030
36043
36061
36086
36104
36136
36149
36171
36174
36188
36204
36205
36207
36223
36226
36242
36243
36265
36283
36300
36321
36344
36345
36377
36392
36393
36419
36430
36431
36433
36437
36439
36440
36441
36442
36443
36453
36454
36455
36456
36457
36460
36461
36471
36472
36480
36481
36482
36483
36495
36496
36497
36500
36502
36503
36510
36516
36517
36518
36523
36531
36532
36533
36536
36540
36542
36545
36550
36551
36554
36555
36565
36566
36567
36568
36569
36571
36574
36576
36582
36583
36584
36596
36597
36603
36604
36610
36611
36614
36616
36624
36625
36626
36632
36638
36639
36649
36654
36655
36686
36689
36692
36694
36695
36696
36697
36698
36699
36700
36701
36709
36710
36711
36717
36718
36719
36720
36721
36722
36723
36729
36737
36738
36739
36740
36750
36751
36752
36753
36754
36755
36758
36760
36761
36768
36769
36770
36771
36772
36778
36779
36780
36781
36785
36786
36791
36796
36797
36798
36804
36805
36806
36807
36808
36814
36815
36816
36817
36818
36822
36824
36825
36826
36827
36832
36833
36834
36835
36836
36841
36842
36843
36844
36847
36850
36851
36852
36855
36856
36859
36860
36862
36863
36864
36865
36866
36867
36868
36877
36880
36881
36888
36895
36896
36897
36898
36899
36900
36905
36906
36907
36908
36912
36913
36915
36916
36917
36925
36926
36929
36931
36932
36935
36952
36953
36958
36959
36960
36961
36962
36971
36972
36973
36976
36977
36978
36980
36983
36984
36987
36992
36993
36998
36999
37000
37001
37002
37006
37009
37010
37011
37016
37017
37021
37029
37030
37031
37032
37033
37038
37039
37040
37057
37058
37059
37060
37061
37062
37063
37064
37068
37069
37082
37083
37084
37085
37090
37091
37092
37094
37119
37120
37121
37125
37126
37127
37131
37133
37134
37135
37136
37137
37138
37141
37142
37143
37148
37149
37151
37158
37159
37160
37161
37169
37170
37185
37187
37188
37189
37190
37191
37194
37203
37232
37240
37241
37245
37253
37255
37258
37259
37261
37262
37263
37265
37272
37273
37290
37294
37305
37312
37313
37315
37329
37332
37333
37334
37335
37346
37347
37354
37363
37364
37367
37369
37370
37371
37372
37378
37386
37390
37392
37407
37408
37409
37410
37415
37425
37427
37431
37433
37434
37436
37437
37441
37442
37453
37458
37481
37484
37486
37494
37495
37496
37497
37500
37502
37505
37508
37524
37525
37533
37535
37540
37541
37544
37554
37555
37559
37560
37561
37562
37569
37570
37571
37576
37581
37587
37590
37591
37594
37595
37596
37598
37603
37604
37606
37607
37609
37610
37611
37612
37620
37621
37628
37629
37635
37638
37646
37647
37648
37651
37656
37661
37670
37673
37674
37680
37681
37682
37683
37686
37690
37692
37693
37694
37695
37699
37700
37701
37702
37718
37723
37725
37736
37742
37743
37747
37753
37754
37755
37756
37772
37775
37780
37781
37783
37788
37795
37798
37802
37805
37806
37807
37808
37811
37813
37821
37823
37824
37825
37828
37837
37845
37848
37858
37862
37873
37876
37882
37883
37890
37895
37896
37902
37905
37906
37910
37913
37917
37918
37921
37923
37930
37936
37937
37949
37950
37951
37956
37964
37972
37977
37978
37982
37983
37984
37993
37995
37996
37998
38000
38001
38008
38010
38015
38018
38020
38044
38045
38051
38065
38066
38083
38096
38097
38109
38202
38203
38205
38224
38225
38247
38250
38269
38274
38292
39978
39982
40005
41283
41285
41287
41751
42474
42476
42478
42487
42498
42625
42627
42641
42657
42661
42674
42677
42679
42778
42789
42793
42832
42834
42840
42842
42873
42987
42992
42994
43001
43022
43464
43466
43468
43470
43472
43474
43478
43480
43482
43484
43500
43503
43505
43507
43509
43512
43526
43530
43532
43535
43538
43540
43542
43544
43546
43548
43550
43552
43556
43558
43560
43562
43564
43566
43573
43575
43577
43579
43585
43587
43590
43592
43606
43617
43619
43622
43624
43627
43629
43633
43635
43637
43639
43641
43646
43648
43651
43653
43655
43657
43659
43661
43664
43666
43668
43671
43673
43675
43677
43679
43682
43684
43686
43688
43690
43692
43695
43697
43700
43730
43732
43734
43736
43738
43740
43742
43744
43746
43748
43750
43752
43754
43756
43758
43760
43762
43764
43766
43769
43773
43775
43777
43780
43782
43784
43786
43788
43790
43792
43795
43798
43800
43803
43805
43808
43811
43813
43815
43817
43819
43821
43823
43825
43827
43829
43831
43833
43835
43837
43839
43841
43843
43845
43847
43849
43852
43854
43856
43858
43860
43862
43864
43866
43868
43870
43872
43875
43877
43879
43881
43883
43885
43887
43889
43891
43893
43895
43897
43899
43901
43904
43906
43909
43911
43913
43915
43918
43922
43924
43926
43929
43961
43963
43965
43967
43969
43970
43975
43977
43979
43981
43983
43985
43987
43989
43992
43994
44013
44015
44017
44019
44021
44023
44025
44027
44029
44031
44033
44035
44038
44040
44042
44044
44046
44048
44052
44055
44057
44061
44063
44065
44067
44069
44071
44073
44075
44077
44079
44081
44083
44085
44089
44091
44093
44095
44097
44135
44140
44142
44144
44146
44148
44155
44157
44159
44161
44163
44165
44167
44169
44171
44173
44176
44179
44181
44183
44185
44187
44189
44191
44193
44195
44197
44199
44201
44203
44205
44207
44210
44212
44214
44216
44218
44245
44248
44294
44296
44298
44300
44302
44304
44317
44320
44322
44324
44327
44330
44332
44346
44349
44351
44354
44356
44359
44361
44363
44365
44392
44394
44396
44398
44400
44403
44405
44407
44409
44411
44413
44417
44419
44421
44423
44426
44428
44430
44433
44435
44437
44440
44442
44444
44446
44448
44450
44452
44454
44456
44458
44460
44464
44467
44469
44474
44476
44478
44483
44485
44487
44495
44497
44499
44501
44503
44505
44507
44509
44512
44514
44516
44518
44520
44522
44524
44526
44528
44530
44533
44535
44537
44539
44543
44545
44547
44549
44551
44553
44557
44559
44561
44563
44565
44568
44570
44572
44574
44586
44588
44591
44593
44595
44597
44599
44601
44604
44606
44608
44611
44613
44615
44617
44619
44622
44634
44636
44638
44641
44648
44650
44652
44654
44656
44658
44660
44679
44682
44684
44688
44690
44693
44701
44706
44708
44710
44712
44714
44721
44723
44725
44727
44729
44731
44733
44735
44737
44739
44741
44743
44745
44747
44749
44752
44754
44756
44758
44761
44763
44765
44767
44769
44771
44773
44775
44777
44779
44853
44855
44857
44859
44861
44863
44865
44867
44882
44885
44887
44889
44891
44893
44895
44897
44899
44901
44903
44905
44907
44909
44911
44915
44917
44919
44921
44923
44925
44927
44929
44932
44934
44936
44938
44940
44942
44947
44949
44951
44953
44956
44958
44960
44962
44965
44967
44971
44973
44977
44979
44982
44985
44987
44989
44991
44993
44996
44998
45000
45002
45004
45006
45008
45010
45012
45014
45016
45019
45039
45041
45043
45045
45047
45049
45053
45056
45059
45061
45068
45070
45075
45079
45081
45084
45086
45088
45097
45099
45101
45103
45105
45109
45119
45121
45124
45126
45129
45131
45133
45136
45138
45141
45143
45146
45148
45150
45152
45155
45157
45167
45169
45171
45173
45184
45186
45188
45191
45193
45195
45228
45234
45236
45238
45240
45242
45252
45254
45258
45260
45266
45268
45270
45272
45274
45276
45278
45281
45284
45286
45288
45290
45292
45294
45299
45301
45303
45305
45308
45310
45312
45314
45316
45318
45320
45322
45325
45327
45329
45332
45334
45336
45338
45340
45342
45346
45352
45354
45356
45358
45360
45362
45364
45366
45368
45370
45372
45374
45376
45378
45380
45382
45384
45386
45388
45390
45393
45395
45397
45401
45403
45406
45408
45411
45413
45415
45418
45420
45422
45429
45459
45460
45468
45470
45473
45475
45477
45479
45481
45483
45485
45487
45489
45491
45493
45496
45498
45500
45502
45505
45507
45509
45511
45513
45515
45517
45519
45522
45524
45527
45530
45534
45536
45540
45545
45547
45549
45551
45553
45555
45620
45622
45624
45626
45628
45630
45634
45636
45639
45641
45643
45648
45650
45665
45668
45670
45672
45674
45676
45678
45681
45683
45685
45687
45690
45693
45697
45699
45702
45704
45706
45715
45721
45723
45725
45727
45745
45747
45749
45752
45754
45758
45760
45762
45764
45767
45773
45775
45777
45779
45781
45783
45791
45793
45795
45797
45799
45802
45807
45809
45813
45815
45817
45819
45821
45824
45826
45828
45830
45832
45842
45844
45846
45882
45883
45885
45888
45890
45892
45894
45896
45898
45904
45906
45908
45911
45913
45915
45917
45920
45922
45924
45927
45930
45935
45937
45939
45941
45944
45946
45948
45950
45952
45954
45959
45963
45965
45968
45972
45974
45976
45978
45980
45982
45985
45987
45989
45991
45993
45995
45998
46000
46002
46017
46019
46021
46024
46026
46028
46030
46046
46048
46051
46053
46056
46058
46062
46064
46068
46070
46072
46074
46076
46116
46120
46122
46124
46126
46128
46130
46133
46141
46143
46145
46147
46150
46152
46154
46156
46158
46160
46162
46165
46167
46174
46176
46178
46180
46182
46184
46187
46189
46191
46193
46195
46197
46199
46201
46203
46207
46209
46215
46217
46219
46221
46223
46225
46227
46229
46231
46234
46236
46238
46241
46243
46245
46247
46272
46275
46278
46280
46282
46287
46295
46297
46299
46301
46304
46307
46310
46313
46316
46318
46320
46321
46324
46326
46330
46332
46334
46336
46338
46340
46343
46345
46347
46349
46352
46355
46357
46359
46361
46364
46366
46368
46370
46372
46374
46376
46380
46382
46384
46386
46389
46392
46394
46396
46398
46400
46402
46404
46406
46408
46410
46412
46414
46416
46418
46420
46422
46424
46426
46428
46430
46432
46437
46439
46441
46443
46448
46450
46452
46454
46456
46458
46460
46462
46464
46468
46470
46472
46507
46509
46511
46513
46516
46518
46520
46522
46524
46527
46529
46532
46534
46536
46538
46540
46542
46544
46546
46592
46594
46596
46598
46601
46603
46612
46614
46616
46619
46621
46624
46626
46633
46635
46637
46639
46654
46656
46658
46661
46663
46665
46667
46671
46673
46676
46679
46681
46684
46687
46689
46693
46695
46697
46699
46701
46704
46706
46708
46710
46717
46719
46721
46723
46725
46727
46729
46735
46737
46741
46743
46745
46748
46750
46752
46755
46757
46759
46762
46765
46767
46769
46771
46775
46777
46779
46781
46783
46786
46788
46790
46794
46798
46801
46803
46805
46807
46809
46811
46813
46815
46817
46819
46822
46837
46839
46841
46843
46845
46847
46849
46851
46853
46855
46859
46861
46863
46866
46868
46870
46872
46874
46876
46878
46880
46882
46884
46891
46893
46895
46897
46899
46901
46903
46905
46917
46918
46921
46924
46926
46928
46931
46933
46935
46937
46945
46948
46951
46953
46955
46957
46960
46962
46964
46971
46974
46976
46981
46983
46985
46987
46989
46992
46994
46996
46998
47000
47002
47004
47006
47008
47010
47012
47014
47026
47028
47030
47032
47034
47036
47039
47045
47050
47052
47054
47056
47058
47060
47063
47065
47067
47072
47074
47076
47078
47080
47084
47086
47089
47091
47094
47096
47099
47101
47103
47106
47109
47111
47114
47116
47118
47120
47122
47124
47128
47131
47134
47136
47138
47140
47144
47146
47148
47152
47154
47158
47160
47162
47164
47166
47168
47170
47172
47176
47178
47180
47198
47202
47204
47206
47208
47210
47213
47215
47217
47219
47221
47223
47225
47228
47230
47232
47234
47236
47240
47244
47246
47249
47251
47253
47255
47257
47260
47266
47268
47270
47272
47278
47280
47282
47286
47288
47290
47292
47296
47298
47301
47303
47307
47309
47313
47319
47321
47323
47326
47328
47330
47333
47335
47337
47339
47341
47343
47347
47349
47351
47355
47358
47363
47367
47371
47373
47375
47377
47379
47388
47390
47392
47394
47396
47398
47400
47402
47406
47408
47410
47413
47415
47417
47419
47421
47425
47427
47429
47431
47433
47440
47443
47445
47447
47454
47456
47458
47460
47463
47470
47472
47474
47476
47481
47484
47486
47488
47491
47493
47495
47498
47500
47503
47505
47507
47509
47511
47513
47515
47517
47519
47521
47523
47536
47538
47540
47542
47546
47549
47552
47554
47600
47603
47606
47610
47612
47614
47616
47618
47620
47622
47625
47627
47629
47631
47633
47635
47637
47639
47641
47643
47659
47661
47666
47668
47670
47672
47674
47676
47678
47682
47686
47688
47690
47692
47694
47696
47698
47700
47702
47704
47710
47712
47717
47719
47721
47725
47727
47729
47731
47736
47739
47741
47743
47745
47751
47754
47756
47758
47763
47766
47768
47770
47774
47776
47781
47783
47785
47787
47789
47791
47793
47800
47803
47805
47807
47809
47813
47817
47819
47821
47823
47825
47827
47829
47831
47833
47835
47837
47839
47841
47843
47846
47848
47850
47852
47855
47857
47859
47861
47864
47866
47869
47871
47873
47875
47877
47879
47881
47883
47885
47887
47889
47891
47893
47895
47899
47901
47903
47905
47907
47910
47912
47916
47919
47921
47925
47927
47929
47931
47934
47936
47938
47945
47948
47950
47953
47955
47957
47959
47961
47963
47966
47971
47973
47975
47978
47980
47984
47989
47991
47993
47995
48000
48002
48004
48006
48008
48011
48014
48016
48018
48020
48022
48024
48026
48028
48030
48032
48034
48036
48038
48040
48042
48045
48047
48049
48051
48053
48056
48058
48060
48062
48065
48070
48072
48074
48076
48078
48080
48086
48089
48092
48094
48096
48098
48103
48105
48108
48110
48112
48114
48116
48125
48127
48130
48132
48135
48137
48139
48141
48145
48147
48149
48151
48157
48159
48162
48164
48166
48168
48170
48172
48174
48177
48179
48181
48183
48185
48188
48194
48196
48198
48200
48202
48204
48206
48208
48210
48214
48216
48218
48222
48224
48226
48229
48231
48233
48236
48241
48243
48245
48247
48249
48251
48253
48255
48257
48260
48262
48264
48266
48268
48270
48272
48274
48276
48278
48283
48285
48287
48289
48295
48298
48301
48303
48305
48307
48309
48311
48313
48319
48321
48323
48325
48327
48329
48331
48333
48338
48367
48369
48373
48377
48381
48383
48387
48393
48395
48397
48400
48404
48408
48410
48412
48414
48418
48425
48427
48430
48432
48434
48436
48438
48443
48445
48455
48457
48459
48461
48463
48465
48467
48469
48471
48474
48476
48478
48480
48482
48484
48486
48489
48491
48506
48508
48511
48513
48515
48517
48519
48521
48549
48552
48554
48558
48560
48562
48564
48566
48573
48575
48577
48579
48581
48583
48585
48591
48594
48598
48602
48604
48606
48608
48611
48613
48615
48617
48620
48623
48625
48634
48636
48638
48642
48645
48647
48649
48651
48658
48661
48663
48665
48667
48669
48671
48680
48682
48687
48690
48692
48694
48700
48703
48705
48707
48710
48717
48720
48723
48725
48727
48731
48737
48739
48741
48743
48749
48751
48753
48755
48761
48764
48766
48768
48770
48773
48775
48777
48779
48787
48789
48791
48793
48795
48798
48800
48802
48805
48807
48809
48812
48814
48816
48827
48829
48831
48833
48835
48838
48840
48842
48844
48848
48850
48851
48855
48857
48859
48861
48863
48865
48873
48875
48877
48880
48882
48884
48886
48890
48893
48895
48897
48901
48903
48905
48907
48909
48913
48915
48924
48926
48928
48930
48934
48936
48939
48946
48948
48956
48958
48960
48962
48964
48966
48969
48971
48974
48976
48978
48981
48983
48985
48987
48994
48996
48998
49000
49003
49006
49008
49010
49013
49029
49032
49034
49037
49040
49043
49045
49048
49053
49055
49057
49059
49061
49064
49066
49068
49071
49073
49076
49078
49080
49082
49084
49086
49089
49091
49093
49095
49097
49100
49102
49104
49106
49108
49110
49112
49114
49116
49118
49120
49122
49124
49126
49128
49130
49132
49134
49136
49138
49140
49144
49146
49148
49150
49152
49154
49156
49158
49160
49162
49164
49166
49168
49170
49172
49176
49178
49180
49182
49184
49188
49191
49205
49207
49209
49211
49213
49215
49217
49222
49224
49226
49228
49230
49234
49301
49303
49305
49307
49309
49311
49313
49315
49317
49321
49323
49325
49327
49329
49331
49333
49335
49337
49339
49341
49343
49345
49347
49350
49352
49354
49356
49358
49360
49362
49364
49366
49368
49371
49373
49375
49377
49379
49382
49384
49389
49391
49393
49395
49397
49399
49401
49404
49406
49408
49410
49412
49414
49416
49418
49420
49422
49424
49426
49428
49430
49433
49457
49461
49463
49465
49467
49469
49471
49473
49475
49477
49479
49481
49483
49485
49487
49489
49491
49493
49495
49497
49499
49501
49503
49505
49509
49513
49515
49517
49519
49521
49523
49526
49528
49530
49532
49534
49536
49538
49540
49542
49544
49546
49548
49550
49552
49554
49556
49558
49562
49564
49566
49568
49570
49572
49574
49576
49582
49584
49586
49588
49590
49592
49604
49606
49608
49610
49612
49614
49616
49618
49620
49622
49624
49626
49629
49631
49633
49635
49637
49639
49641
49643
49653
49656
49658
49660
49662
49664
49666
49668
49671
49674
49676
49678
49680
49682
49684
49686
49688
49692
49694
49696
49698
49703
49705
49707
49709
49711
49714
49716
49718
49735
49739
49741
49745
49747
49749
49751
49754
49756
49758
49760
49765
49767
49769
49771
49773
49776
49779
49781
49783
49788
49790
49794
49796
49798
49800
49802
49804
49806
49808
49810
49812
49819
49821
49823
49825
49827
49829
49831
49833
49839
49841
49843
49845
49847
49849
49852
49857
49860
49862
49864
49866
49868
49870
49872
49876
49878
49880
49882
49884
49886
49888
49890
49897
49899
49901
49903
49905
49907
49909
49912
49914
49916
49918
49920
49922
49924
49928
49930
49932
49934
49936
49938
49940
49943
49945
49947
49949
49951
49954
49956
49958
49960
49962
49964
49966
49968
49970
49972
49974
49976
49978
49980
49982
49984
49986
49988
49990
49995
49997
49999
50001
50003
50006
50008
50010
50012
50014
50016
50018
50029
50031
50033
50035
50037
50039
50041
50043
50045
50047
50049
50051
50053
50055
50057
50059
50063
50065
50067
50069
50071
50073
50075
50077
50080
50082
50084
50086
50088
50090
50092
50094
50096
50098
50100
50102
50104
50106
50108
50110
50118
50122
50124
50126
50128
50149
50151
50153
50155
50157
50159
50161
50163
50165
50171
50174
50176
50178
50180
50182
50186
50188
50190
50199
50201
50203
50205
50208
50211
50213
50215
50217
50221
50223
50227
50230
50232
50236
50238
50240
50242
50244
50249
50251
50253
50255
50258
50260
50262
50264
50266
50268
50270
50273
50275
50277
50279
50281
50283
50285
50287
50301
50305
50307
50309
50311
50313
50316
50318
50320
50322
50324
50326
50328
50330
50332
50340
50352
50356
50359
50361
50364
50366
50368
50370
50373
50376
50378
50380
50382
50384
50386
50392
50394
50396
50398
50400
50402
50406
50409
50414
50416
50418
50420
50422
50424
50426
50428
50432
50436
50438
50440
50442
50444
50446
50448
50451
50455
50458
50460
50462
50464
50480
50482
50484
50494
50496
50498
50500
50502
50505
50507
50509
50511
50514
50518
50520
50522
50524
50526
50528
50530
50532
50534
50536
50538
50545
50548
50550
50552
50554
50556
50558
50561
50567
50570
50572
50574
50576
50579
50584
50586
50588
50590
50592
50596
50598
50601
50602
50607
50612
50614
50617
50619
50621
50623
50625
50631
50633
50637
50639
50641
50643
50645
50647
50649
50651
50653
50655
50659
50661
50665
50667
50669
50671
50673
50676
50678
50682
50684
50692
50694
50696
50698
50701
50706
50708
50711
50713
50715
50717
50724
50727
50729
50731
50733
50736
50738
50740
50742
50748
50750
50752
50754
50756
50758
50760
50762
50766
50768
50770
50772
50774
50776
50779
50793
50795
50797
50799
50802
50804
50806
50808
50811
50814
50816
50818
50820
50822
50826
50828
50830
50832
50842
50858
50860
50864
50866
50869
50871
50873
50875
50877
50886
50888
50890
50892
50894
50896
50907
50912
50915
50917
50919
50922
50924
50926
50929
50932
50936
50940
50942
50944
50946
50957
50960
50990
50992
50994
50996
50998
51000
51002
51005
51007
51009
51015
51019
51021
51023
51030
51032
51034
51036
51038
51040
51042
51048
51051
51053
51056
51058
51060
51062
51065
51067
51070
51072
51074
51076
51111
51113
51118
51120
51122
51124
51128
51130
51133
51148
51150
51152
51154
51156
51165
51167
51169
51171
51173
51178
51186
51188
51190
51192
51194
51196
51198
51214
51216
51218
51228
51230
51232
51234
51237
51239
51241
51243
51245
51247
51249
51251
51253
51256
51258
51260
51262
51264
51266
51279
51281
51283
51285
51290
51292
51294
51296
51300
51302
51308
51310
51312
51314
51317
51319
51322
51326
51328
51330
51332
51334
51336
51341
51343
51345
51348
51350
51352
51354
51356
51358
51361
51363
51379
51381
51383
51385
51387
51389
51392
51394
51396
51398
51400
51402
51404
51406
51408
51410
51412
51414
51416
51426
51448
51450
51452
51454
51456
51468
51472
51474
51482
51484
51486
51489
51491
51493
51495
51497
51500
51502
51511
51513
51516
51518
51520
51522
51524
51526
51528
51530
51532
51534
51549
51551
51553
51559
51561
51563
51565
51567
51569
51571
51573
51575
51578
51580
51582
51584
51590
51594
51598
51600
51602
51604
51606
51608
51612
51619
51657
51690
51695
51697
51699
51702
51731
51733
51735
51737
51739
51741
51743
51745
51768
51770
51775
51777
51781
51783
51786
51788
51790
51795
51797
51799
51801
51804
51808
51828
51831
51833
51835
51837
51839
51841
51843
51845
51847
51849
51851
51853
51857
51859
51868
51870
51872
51877
51880
51882
51908
51910
51912
51914
51916
51918
51920
51922
51924
51926
51929
51931
51935
51937
51939
51942
51944
51946
51948
51950
51952
51954
51957
51959
51961
51963
51965
51968
51970
51974
51976
51978
51980
51982
51985
51989
51991
51993
51995
51997
51999
52015
52017
52019
52021
52023
52026
52028
52030
52032
52034
52037
52039
52041
52045
52047
52049
52051
52053
52055
52057
52059
52061
52063
52065
52067
52069
52071
52076
52078
52080
52083
52085
52087
52089
52093
52101
52105
52107
52111
52114
52116
52118
52122
52124
52126
52130
52153
52155
52157
52265
52267
52269
52271
52273
52279
52282
52284
52286
52288
52290
52292
52329
52331
52333
52340
52342
52345
52347
52350
52352
52354
52356
52358
52366
52382
52384
52386
52389
52391
52393
52395
52401
52403
52405
52408
52410
52412
52414
52418
52420
52424
52427
52429
52431
52435
52437
52439
52444
52446
52448
52459
52461
52466
52468
52470
52472
52474
52476
52478
52481
52484
52486
52488
52490
52492
52494
52496
52498
52501
52505
52535
52537
52541
52543
52545
52552
52559
52561
52563
52565
52567
52601
52605
52607
52609
52611
52613
52615
52617
52619
52622
52624
52626
52628
52630
52632
52634
52643
52645
52647
52649
52651
52653
52655
52664
52666
52668
52689
52691
52693
52697
52699
52701
52703
52705
52707
52709
52711
52713
52715
52717
52751
52753
52755
52757
52759
52808
52810
52812
52814
52819
52821
52823
52825
52829
52831
52833
52836
52838
52840
52843
52845
52851
52854
52871
52874
52876
52878
52880
52886
52889
52891
52893
52895
52898
52900
52904
52906
52908
52910
52912
52917
52927
52929
52931
52934
52936
52938
52940
52942
52944
52946
52949
52951
52953
52955
52958
52963
52965
52968
52970
52972
52977
52979
52981
52987
52995
52997
52999
53001
53003
53005
53037
53039
53041
53043
53063
53065
53067
53069
53071
53073
53075
53077
53079
53088
53090
53092
53094
53096
53098
53103
53105
53107
53109
53156
53160
53162
53164
53166
53168
53399
53402
53404
53407
53409
53411
53413
53415
53417
53419
53435
53437
53444
53446
53450
53452
53454
53457
53461
53463
53466
53468
53470
53472
53474
53480
53482
53484
53486
53488
53490
53492
53494
53496
53500
53528
53533
53535
53537
53539
53542
53546
53548
53550
53552
53554
53556
53558
53561
53563
53565
53567
53569
53571
53573
53575
53577
53579
53581
53583
53585
53847
53849
53851
53853
53855
53857
53859
53861
53863
53865
53867
53869
53872
53874
53876
53878
53880
53883
53885
53887
53890
53892
53894
53896
53898
53900
53902
53905
53907
53909
53911
53914
53916
53918
53920
53922
53929
53959
53961
53963
53965
53969
53971
53973
53975
53978
53980
54014
54016
54019
54021
54025
54100
54102
54133
54135
54137
54140
54142
54144
54171
54173
54175
54181
54200
54202
54204
54206
54209
54211
54214
54233
54236
54238
54240
54243
54246
54272
54274
54280
54283
54314
54316
54320
54323
54325
54327
54329
54332
54365
54385
54433
54435
54466
54469
54471
54489
54491
54493
54496
54498
54500
54553
54603
54605
54646
54648
54651
54655
54657
54660
54662
54665
54685
54687
54701
54703
54777
54781
54783
54807
54809
54811
54813
54815
54819
54823
54827
54829
54831
54835
54866
54869
54897
54899
54901
54903
54905
54907
54909
54911
54913
54915
54917
54919
54921
54923
54925
54927
54929
54932
54934
54951
54953
54955
54958
54960
54967
54970
55002
55012
55014
55016
55018
55021
55023
55025
55029
55032
55056
55058
55061
55063
55065
55067
55069
55103
55105
55107
55160
55182
55185
55187
55189
55191
55210
55249
55253
55255
55282
55379
55382
55384
55386
55388
55390
55392
55394
55396
55438
55441
55443
55486
55504
55506
55509
55511
55513
55515
55517
55519
55539
55542
55586
55667
55689
55691
55693
55695
55697
55699
55728
55730
55732
55757
55759
55761
55763
55782
55784
55787
55802
55805
55808
55812
55814
55816
55818
55820
55823
55825
55828
55830
55833
55837
55839
55841
55843
55846
55849
55851
55853
55855
55857
55859
55861
55863
55867
55869
55871
55873
55875
55877
55879
55881
56013
56016
56018
56020
56022
56025
56027
56029
56048
56051
56053
56055
56057
56059
56061
56063
56065
56067
56069
56071
56073
56075
56078
56080
56082
56084
56086
56088
56090
56109
56112
56114
56116
56118
56121
56124
56126
56156
56159
56161
56163
56165
56167
56171
56175
56177
56179
56182
56188
56190
56192
56194
56224
56226
56298
56300
56302
56304
56306
56308
56310
56313
56315
56317
56319
56321
56323
56327
56331
56333
56378
56380
56382
56427
56429
56431
56435
56437
56439
56480
56500
56501
56505
56513
56516
56518
56520
56524
56530
56532
56572
56574
56576
56578
56585
56587
56589
56591
56593
56596
56598
56600
56635
56637
56674
56676
56679
56682
56684
56686
56728
56730
56761
56763
56765
56767
56769
56771
56819
56821
56834
56836
56842
56846
56850
56855
56857
56859
56861
56870
56872
56874
56876
56878
56880
56886
56888
56894
56897
56899
56905
56908
56911
56913
56919
56921
56939
56950
56987
56989
56991
56993
56995
57014
57016
57018
57020
57035
57037
57039
57041
57043
57050
57052
57054
57067
57069
57071
57077
57157
57159
57163
57165
57167
57169
57171
57212
57218
57220
57222
57225
57229
57232
57235
57279
57281
57309
57313
57315
57317
57319
57322
57325
57327
57393
57395
57398
57400
57402
57404
57406
57408
57410
57425
57430
57434
57441
57492
57494
57501
57503
57505
57548
57551
57553
57555
57557
57559
57588
57590
57592
57594
57596
57598
57670
57673
57675
57677
57679
57681
57683
57685
57687
57689
57691
57715
57719
57721
57724
57726
57730
57740
57743
57745
57747
57762
57764
57766
57768
57770
57772
57853
57855
57857
57859
57862
57864
57866
57868
57886
57895
57901
57989
57991
57993
57995
57997
57999
58004
58007
58009
58011
58013
58015
58017
58020
58022
58024
58026
58028
58037
58039
58043
58045
58047
58049
58053
58068
58071
58073
58075
58078
58081
58083
58096
58098
58102
58104
58113
58115
58120
58122
58124
58127
58130
58132
58134
58138
58140
58142
58144
58151
58153
58155
58171
58173
58175
58185
58195
58197
58199
58201
58203
58207
58242
58249
58251
58253
58255
58259
58261
58263
58288
58290
58292
58294
58296
58302
58374
58376
58391
58393
58395
58397
58400
58402
58404
58458
58461
58463
58465
58467
58469
58519
58521
58523
58525
58527
58529
58531
58533
58563
58565
58580
58587
58594
58597
58599
58601
58603
58628
58631
58633
58635
58637
58639
58641
58644
58647
58650
58652
58654
58656
58660
58712
58766
58770
58772
58774
58788
58791
58793
58795
58797
58878
58883
58885
58889
58891
58903
58916
58941
58943
58948
58950
58952
59015
59018
59021
59023
59025
59027
59029
59032
59034
59036
59039
59041
59043
59058
59060
59062
59064
59066
59072
59074
59135
59137
59140
59142
59159
59161
59169
59171
59173
59175
59199
59202
59232
59252
59269
59276
59278
59280
59282
59284
59337
59341
59343
59348
59350
59356
59382
59384
59386
59388
59390
59450
59452
59454
59456
59458
59460
59462
59521
59523
59525
59527
59529
59531
59574
59576
59578
59580
59584
59586
59588
59591
59593
59624
59626
59629
59631
59633
59660
59674
59677
59682
59684
59686
59688
59690
59692
59694
59696
59699
59701
59706
59708
59710
59713
59715
59718
59720
59722
59725
59787
59791
59841
59843
59845
59847
59849
59877
59886
59888
59891
59893
59895
59897
59981
59983
59985
59987
59989
59991
59993
59995
59998
60000
60002
60062
60064
60068
60070
60072
60074
60076
60093
60095
60119
60121
60124
60126
60128
60182
60184
60186
60188
60190
60192
60196
60202
60220
60222
60224
60228
60247
60251
60255
60257
60315
60317
60369
60371
60373
60375
60378
60380
60387
60389
60391
60393
60395
60397
60439
60444
60446
60448
60468
60472
60473
60474
60475
60486
60492
60518
60519
60520
60521
60522
60523
60525
60527
60532
60533
60567
60569
60570
60571
60572
60573
60575
60622
60623
60625
60626
60628
60629
60637
60638
60639
60640
60642
60643
60644
60645
60646
60649
60702
60704
60705
60707
60709
60710
60711
60727
60728
60730
60731
60732
60733
60793
60794
60795
60797
60826
60851
60852
60853
60854
60856
60859
60860
60862
60863
60864
60865
60866
60868
60869
60870
60871
60898
60899
60900
60901
60902
60903
60931
60932
60933
60935
60936
60938
60939
60941
60942
60943
60944
60953
60956
60965
60966
60967
60968
60969
60970
60971
60973
60989
60990
60991
60992
60993
60994
60998
60999
61000
61003
61004
61011
61012
61013
61033
61036
61089
61090
61091
61092
61093
61095
61108
61114
61115
61116
61118
61122
61130
61131
61132
61133
61136
61137
61138
61139
61140
61141
61146
61188
61192
61193
61194
61195
61196
61198
61200
61249
61250
61251
61252
61254
61337
61348
61349
61350
61351
61353
61354
61355
61356
61357
61358
61359
61360
61394
61395
61396
61398
61400
61401
61402
61403
61446
61447
61448
61450
61454
61459
61460
61461
61462
61463
61465
61517
61519
61520
61521
61522
61524
61526
61531
61532
61535
61536
61537
61564
61574
61577
61578
61581
61582
61583
61679
61694
61696
61698
61700
61701
61714
61715
61722
61723
61724
61725
61726
61727
61728
61729
61730
61731
61732
61741
61742
61743
61744
61745
61746
61747
61748
61769
61786
61787
61788
61789
61800
61805
61806
61807
61809
61810
61817
61823
61891
61927
61928
61929
61930
61962
62013
62018
62019
62020
62021
62050
62051
62057
62095
62096
62098
62099
62101
62105
62111
62113
62114
62116
62117
62118
62119
62120
62122
62165
62174
62175
62176
62177
62179
62181
62190
62191
62192
62193
62198
62229
62247
62248
62249
62250
62251
62252
62259
62271
62280
62281
62290
62294
62296
62301
62302
62304
62305
62315
62320
62321
62322
62323
62324
62326
62343
62354
62355
62365
62367
62378
62407
62417
62427
62438
62444
62522
62558
62559
62560
62569
62581
62591
62592
62599
62600
62611
62642
62658
62659
62660
62664
62665
62669
62676
62684
62687
62689
62691
62701
62710
62711
62718
62719
62720
62721
62725
62769
62785
62792
62803
62814
62815
62816
62817
62818
62819
62823
62824
62828
62829
62830
62847
62852
62865
62866
62867
62868
62873
62874
62875
62876
62879
62890
62894
62915
62916
62917
62918
62929
62931
62932
62933
62934
62962
62963
62964
62971
62975
62976
62977
62989
62990
62991
62993
62994
63001
63002
63012
63013
63014
63023
63036
63043
63044
63049
63050
63051
63052
63062
63067
63100
63112
63113
63114
63128
63156
63165
63188
63191
63197
63198
63202
63227
63247
63248
63249
63250
63257
63258
63263
63267
63274
63275
63277
63279
63280
63296
63307
63309
63310
63311
63312
63314
63318
63336
63345
63348
63349
63350
63351
63353
63355
63356
63357
63358
63359
63360
63378
63405
63412
63425
63426
63427
63429
63430
63440
63449
63451
63465
63466
63467
63472
63488
63499
63501
63503
63512
63518
63521
63523
63534
63535
63536
63546
63547
63549
63603
63604
63605
63608
63609
63610
63613
63623
63646
63647
63648
63656
63657
63667
63668
63678
63679
63680
63694
63696
63704
63705
63707
63708
63710
63714
63720
63721
63722
63757
63758
63759
63760
63764
63769
63770
63771
63772
63773
63778
63789
63790
63792
63793
63794
63795
63799
63801
63808
63809
63810
63811
63812
63813
63814
63832
63839
63844
63845
63846
63847
63849
63850
63853
63855
63858
63868
63869
63870
63871
63872
63877
63884
63885
63886
63915
63916
63917
63918
63919
63924
63965
63975
63976
63977
63978
63979
63980
63981
63983
64018
64020
64021
64022
64025
64028
64029
64030
64090
64101
64106
64111
64112
64113
64114
64115
64120
64142
64143
64144
64145
64146
64151
64188
64199
64201
64202
64215
64216
64217
64222
64237
64244
64245
64247
64248
64249
64254
64328
64338
64339
64342
64348
64349
64353
64355
64356
64369
64370
64371
64372
64376
64381
64386
64409
64418
64419
64420
64421
64422
64424
64427
64432
64438
64448
64453
64455
64456
64457
64486
64487
64499
64508
64509
64510
64515
64516
64521
64523
64524
64527
64530
64564
64574
64575
64590
64591
64592
64593
64598
64603
64605
64615
64616
64621
64626
64640
64643
64644
64645
64652
64653
64658
64663
64664
64713
64719
64720
64721
64722
64727
64732
64745
64758
64759
64761
64762
64764
64767
64768
64769
64770
64775
64782
64788
64790
64800
64802
64803
64804
64805
64807
64812
64853
64883
64890
64891
64893
64894
64897
64901
64904
64910
64911
64912
64913
64918
64923
64989
65000
65001
65002
65003
65008
65010
65017
65019
65079
65080
65081
65088
65090
65098
65103
65105
65106
65107
65108
65110
65113
65123
65124
65125
65126
65129
65131
65135
65137
65144
65167
65174
65175
65176
65181
65183
65185
65208
65222
65223
65233
65239
65240
65245
65292
65303
65305
65310
65312
65313
65316
65343
65344
65345
65354
65359
65361
65391
65397
65402
65404
65408
65409
65418
65419
65420
65421
65432
65434
65436
65441
65442
65450
65454
65456
65510
65545
65546
65549
65554
65559
65561
65563
65564
65565
65567
65569
65571
65614
65615
65616
65618
65619
65626
65627
65657
65658
65668
65673
65679
65681
65714
65720
65722
65724
65725
65726
65728
65736
65740
65743
65753
65759
65764
65771
65777
65783
65792
65799
65801
65802
65806
65811
65816
65821
65822
65823
65824
65834
65835
65837
65839
65840
65845
65857
65868
65879
65890
65894
65901
65908
65910
65914
65925
65926
65927
65928
65929
65930
65934
65938
65940
65947
65951
65978
65979
65983
65987
65992
65993
65996
66001
66006
66008
66009
66010
66011
66012
66019
66021
66024
66025
66089
66091
66092
66095
66102
66103
66115
66116
66118
66122
66128
66129
66155
66161
66165
66167
66170
66172
66177
66180
66182
66185
66205
66207
66214
66216
66227
66259
66264
66266
66269
66270
66307
66312
66317
66324
66334
66341
66353
66360
66370
66387
66388
66391
66434
66444
66454
66466
66467
66468
66473
66482
66492
66494
66511
66521
66566
66576
66585
66587
66596
66606
66617
66626
66675
66681
66705
66783
66793
66805
66807
66809
66812
66823
66824
66851
66861
66871
66881
66906
66907
66982
66986
66991
67001
67011
67021
67035
67039
67046
67056
67066
67076
67096
67101
67102
67103
67108
67113
67117
67119
67120
67127
67128
67138
67148
67158
67168
67170
67172
67185
67195
67202
67204
67209
67218
67331
67336
67341
67346
67351
67353
67360
67412
67432
67437
67449
67450
67453
67454
67459
67464
67471
67475
67484
67495
67516
67522
67527
67537
67547
67574
67576
67578
67583
67593
67602
67605
67612
67618
67620
67630
67640
67644
67717
67725
67734
67744
67753
67763
67773
67779
67784
67792
67793
67797
67807
67809
67811
67816
67833
67835
67840
67847
67858
67866
67876
67891
67892
67893
67894
67901
67908
67910
67944
67951
67968
67978
67979
67980
67994
68018
68027
68028
68032
68033
68034
68038
68049
68062
68063
68064
68106
68107
68150
68151
68153
68154
68155
68187
68189
68200
68250
