20
31
50
60
72
84
101
116
126
136
144
157
167
177
186
194
201
211
220
230
240
247
259
271
281
289
299
309
318
333
344
356
365
374
383
393
403
416
427
434
444
455
463
473
485
495
506
523
533
541
583
592
604
646
656
668
688
702
712
734
747
757
766
773
786
811
822
830
838
848
871
882
893
907
917
928
989
997
1008
1017
1029
1040
1049
1080
1093
1104
1115
1124
1133
1145
1155
1161
1179
1189
1205
1220
1242
1262
1272
1316
1328
1344
1351
1367
1374
1390
1416
1430
1444
1467
1484
1501
1519
1543
1558
1594
1605
1618
1630
1639
1658
1678
1723
1767
1778
1789
1804
1815
1817
1820
1830
1850
1859
1868
1877
1885
1895
1915
1927
1942
1988
1997
2010
2020
2032
2042
2101
2105
2127
2137
2154
2188
2206
2219
2231
2244
2257
22671228
1650
1748
2278
2299
2300
2330
2338
2351
2384
2392
2410
2420
2432
2443
2460
2502
2512
2521
2530
2538
2548
2576
2588
2598
2611
2623
2634
2645
2679
2688
2697
2708
2717
2728
2737
2761
2767
2785
2798
2807
2819
2829
2846
2914
2924
2932
2946
2954
2964
2976
2991
3001
3010
3018
3029
3041
3068
3080
3090
3101
3112
3122
3129
3145
3158
3168
3176
3188
3196
3203
3211
3239
3254
3265
3277
3290
3301
3313
3321
3337
3347
3364
3371
3444
3455
3469
3489
3508
3519
3538
3547
3555
3573
3588
3598
3611
3642
3656
3665
3675
3686
3698
3723
3741
3750
3763
3778
3790
3804
3822
3833
3846
3858
3868
3880
3897
3918
3928
3938
3951
3962
3977
3997
4005
4013
4024
4035
4066
4075
4092
4102
4111
4119
4132
4153
4169
4179
4186
4195
4201
4212
4222
4235
4251
4259
4270
4280
4286
4297
4307
4315
4326
4365
4380
4410
4416
4423
4433
4444
4454
4496
4503
4511
4519
4527
4538
4548
4558
4566
4584
4593
4600
4611
4621
4631
4641
4651
4677
4687
4698
4709
4718
4728
4755
4764
4782
4793
4800
4820
4829
4832
4850
4860
4876
4891
4900
4911
4920
4929
4952
4961
4982
4993
5002
5023
5033
5055
5068
5079
5090
5101
5110
5120
5132
5145
5162
5172
5183
5192
5201
5219
5229
5235
5245
5252
5260
5270
5289
5299
5309
5319
5329
5351
5359
5372
5392
5407
5415
5424
5433
5442
5449
5467
5483
5491
5501
5513
5524
5531
5536
5553
5561
5569
5580
5592
5604
5642
5652
5661
5671
5680
5690
5708
5720
5729
5739
5755
5762
5774
5796
5813
5820
5831
5841
5851
5862
5886
5894
5909
5924
5934
5946
5959
5974
5986
6006
6015
6024
6032
6042
6052
6082
6091
6107
6120
6130
6139
6148
6160
6176
6186
6196
6206
6212
6223
6233
6264
6274
6284
6294
6305
6318
6325
6357
6366
6376
6387
6397
6407
6415
6427
6449
6459
6480
6496
6513
6528
6547
6567
6577
6592
6603
6613
6624
6633
6643
6655
6663
6677
6682
6692
6699
6714
6724
6734
6744
6753
6763
6787
6795
6802
6814
6826
6837
6854
6864
6875
6887
6897
6906
6916
6929
6938
6950
6972
6973
6983
6995
7006
7016
7032
7051
7061
7073
7080
7090
7101
7108
7133
7153
7163
7169
7180
7190
7202
7211
7241
7248
7249
7251
7261
7272
7288
7311
7340
7350
7358
7369
7380
7391
7399
7414
7455
7465
7475
7485
7494
7504
7507
7532
7542
7552
7562
7573
7584
7593
7615
7624
7632
7642
7653
7659
7667
7682
7708
7715
7738
7763
7789
7800
7815
7824
7835
7843
7845
7853
7866
7876
7887
7888
7899
7909
7949
7957
7966
7978
7987
8005
8030
8046
8065
8075
8098
8108
8128
8149
8161
8171
8180
8194
8203
8214
8224
8252
8265
8286
8296
8327
8339
8364
8376
8386
8397
8407
8415
8428
8439
8450
8477
8488
8492
8507
8522
8536
8574
8579
8594
8597
8598
8608
8620
8636
8653
8662
8674
8685
8695
8706
8719
8732
8745
8755
8765
8775
8785
8793
8806
8815
8824
8831
8852
8872
8883
8904
8914
8928
8936
8943
8950
8963
8973
8974
8975
8976
8988
9017
9028
9048
9065
9082
9084
9099
9106
9115
9128
9138
9152
9164
9179
9189
9199
9209
9219
9243
9255
9266
9273
9288
9295
9304
9311
9320
9330
9341
9349
9359
9387
9410
9420
9431
9440
9463
9470
9473
9484
9494
9514
9521
9532
9541
9548
9563
9587
9609
9619
9631
9641
9651
9660
9669
9677
9689
9700
9710
9720
9735
9746
9756
9766
9777
9787
9796
9829
9839
9850
9861
9875
9885
9899
9908
9925
9935
9945
9956
9973
9985
9995
10007
10018
10033
10041
10065
10081
10091
10102
10123
10147
10157
10158
10169
10176
10184
10195
10204
10225
10235
10244
10254
10263
10274
10292
10301
10313
10326
10334
10344
10359
10369
10380
10389
10398
10408
10438
10446
10469
10477
10487
10497
10513
10523
10533
10553
10567
10599
10610
10617
10625
10638
10653
10671
10681
10700
10738
10751
10765
10775
10785
10804
10820
10834
10850
10865
10875
10886
10912
10922
10924
10933
10945
10955
10961
10973
10994
11006
11017
11018
11029
11049
11061
11071
11082
11095
11105
11140
11152
11162
11171
11192
11224
11234
11246
11269
11277
11288
11302
11317
11329
11339
11348
11365
11375
11390
11410
11429
11439
11449
11470
11485
11497
11508
11519
11534
11550
11560
11569
11579
11589
11600
11609
11617
11627
11638
11648
11657
11680
11690
11703
11713
11722
11731
11769
11779
11791
11803
11813
11833
11836
11837
11847
11848
11849
11853
11854
11855
11865
11867
11868
11882
11883
11884
11885
11886
11887
11894
11895
11896
11897
11898
11899
11913
11914
11915
11916
11917
11919
11929
11937
11938
11939
11943
11944
11947
11948
11949
11950
11951
11952
11965
11967
11969
11970
11971
11972
11987
11988
11989
11990
11991
11992
12000
12001
12002
12006
12007
12010
12018
12019
12021
12022
12023
12024
12050
12051
12054
12055
12057
12058
12062
12063
12064
12065
12066
12079
12080
12081
12082
12083
12087
12091
12092
12093
12094
12101
12102
12103
12106
12107
12108
12111
12114
12115
12116
12117
12118
12119
12120
12122
12126
12128
12129
12132
12133
12134
12136
12137
12138
12145
12146
12149
12150
12152
12153
12160
12162
12164
12167
12168
12170
12175
12176
12178
12179
12181
12183
12184
12185
12186
12187
12191
12195
12200
12201
12203
12205
12206
12207
12219
12220
12221
12222
12227
12228
12247
12249
12252
12253
12255
12256
12269
12272
12273
12274
12275
12279
12280
12281
12282
12283
12284
12290
12291
12292
12293
12294
12295
12296
12297
12298
12299
12300
12301
12302
12303
12304
12305
12306
12307
12308
12309
12310
12311
12312
12316
12317
12318
12319
12320
12321
12322
12331
12332
12339
12340
12341
12344
12345
12347
12348
12349
12350
12361
12362
12363
12364
12365
12373
12375
12387
12394
12395
12405
12408
12414
12415
12416
12417
12427
12438
12471
12486
12504
12514
12522
12523
12524
12525
12535
12547
12560
12571
12580
12581
12591
12593
12594
12602
12603
12605
12606
12616
12627
12628
12629
12631
12632
12633
12644
12656
12665
12666
12667
12668
12669
12670
12671
12672
12683
12684
12686
12687
12696
12706
12745
12750
12751
12752
12753
12754
12756
12778
12779
12790
12791
12792
12794
12798
12799
12820
12829
12830
12831
12845
12855
12868
12878
12888
12890
12893
12905
12906
12916
12917
12927
12928
12938
12950
12953
12963
12965
12966
12967
12968
12979
12980
12981
12985
12986
12987
12988
12989
12990
12999
13001
13013
13024
13033
13035
13039
13040
13041
13042
13043
13044
13045
13046
13047
13049
13050
13061
13062
13065
13073
13074
13075
13077
13078
13079
13080
13081
13082
13083
13084
13085
13086
13088
13089
13090
13091
13092
13102
13104
13106
13108
13110
13120
13121
13122
13123
13124
13125
13128
13134
13144
13145
13154
13190
13199
13201
13210
13219
13231
13236
13249
13259
13261
13262
13264
13273
13274
13280
13281
13293
13301
13302
13311
13321
13330
13334
13335
13342
13353
13354
13363
13371
13389
13390
13391
13394
13396
13406
13407
13408
13409
13410
13411
13412
13413
13426
13427
13430
13433
13434
13435
13436
13437
13438
13439
13440
13442
13443
13453
13454
13461
13462
13471
13478
13487
13489
13490
13491
13492
13502
13511
13514
13515
13516
13517
13525
13533
13535
13536
13548
13562
13572
13573
13575
13576
13577
13578
13579
13582
13583
13592
13593
13594
13595
13597
13634
13635
13636
13645
13646
13647
13662
13663
13674
13675
13676
13677
13694
13696
13704
13724
13741
13765
13766
13770
13771
13781
13784
13785
13788
13789
13796
13810
13818
